12
!
0000000
0011000
0111100
0111100
0011000
0011000
0000000
0011000
0011000
0000000
0000000
0000000
"
1100110
1100110
0100100
0000000
0000000
0000000
0000000
0000000
0000000
0000000
0000000
0000000
#
0000000
0100100
0100100
1111110
0100100
0100100
1111111
0100100
0100100
0000000
0000000
0000000
$
0011000
0011000
0111100
1100010
1100000
0111100
0000110
1000110
0111100
0011000
0011000
0000000
%
0000000
0000000
1100010
1100110
0001100
0011000
0110000
1100110
1000110
0000000
0000000
0000000
&
0000000
0011100
0110110
0011100
0111010
1101100
1101100
1101100
0110110
0000000
0000000
0000000
'
0001100
0001100
0011000
0000000
0000000
0000000
0000000
0000000
0000000
0000000
0000000
0000000
'
0001100
0001100
0011000
0000000
0000000
0000000
0000000
0000000
0000000
0000000
0000000
0000000
(
0000000
0001100
0011000
0010000
0110000
0110000
0010000
0011000
0001100
0000000
0000000
0000000
)
0000000
0110000
0011000
0001000
0001100
0001100
0001000
0011000
0110000
0000000
0000000
0000000
*
0000000
0000000
0100100
0011000
1111110
0011000
0100100
0000000
0000000
0000000
0000000
0000000
+
0000000
0000000
0011000
0011000
1111110
0011000
0011000
0000000
0000000
0000000
0000000
0000000
,
0000000
0000000
0000000
0000000
0000000
0000000
0011000
0011000
0011000
0110000
0000000
0000000
-
0000000
0000000
0000000
0000000
1111110
0000000
0000000
0000000
0000000
0000000
0000000
0000000
.
0000000
0000000
0000000
0000000
0000000
0000000
0000000
0011000
0011000
0000000
0000000
0000000
/
0000000
0000000
0000010
0000110
0001100
0011000
0110000
1100000
1000000
0000000
0000000
0000000
0
0000000
0111100
1100110
1100110
1011010
1011010
1100110
1100110
0111100
0000000
0000000
0000000
1
0000000
0011000
0111000
1111000
0011000
0011000
0011000
0011000
1111110
0000000
0000000
0000000
2
0000000
0111100
1100110
0000110
0001100
0011000
0110000
1100110
1111110
0000000
0000000
0000000
3
0000000
0111100
1100110
0000110
0111100
0000110
0000110
1100110
0111100
0000000
0000000
0000000
4
0000000
0001100
0011100
0110100
1100100
1111110
0001100
0001100
0011110
0000000
0000000
0000000
5
0000000
1111110
1100000
1100000
1111100
0000110
0000110
1100110
0111100
0000000
0000000
0000000
6
0000000
0011100
0110000
1100000
1111100
1100110
1100110
1100110
0111100
0000000
0000000
0000000
7
0000000
1111110
1100110
0000110
0000110
0001100
0011000
0011000
0011000
0000000
0000000
0000000
8
0000000
0111100
1100110
1100110
0111100
1100110
1100110
1100110
0111100
0000000
0000000
0000000
9
0000000
0111100
1100110
1100110
0111110
0000110
0000110
0001100
0111100
0000000
0000000
0000000
A
0000000
0011000
0111100
1100110
1100110
1111110
1100110
1100110
1100110
0000000
0000000
0000000
a
0000000
0000000
0000000
0111100
0000110
0111110
1100110
1100110
0111011
0000000
0000000
0000000
b
1110000
0110000
0111000
0111100
0110110
0110110
0110110
0110110
0111100
0000000
0000000
0000000
c
0000000
0000000
0000000
0111100
1100110
1100000
1100000
1100110
0111100
0000000
0000000
0000000
